C     -0.978  -0.008   0.667
Cl     1.304   0.246   0.640
H     -0.803  -0.566  -0.270
H     -1.055   1.094   0.619
H     -0.794  -0.485   1.649
O     -2.688  -0.269   0.627
H     -2.863  -1.231   0.670
H     -3.101   0.100   1.438
O     -2.207   3.192  -0.968
H     -1.922   3.571  -0.117
H     -1.377   2.904  -1.369
O      2.255  -2.549  -0.110
H      2.543  -2.922   0.736
H      1.990  -1.630   0.113
O      0.543   0.465   3.685
H      0.765   0.595   2.747
H      0.987   1.188   4.135
O     -1.341  -3.512   0.922
H     -1.208  -2.560   0.980
H     -1.220  -3.820   1.828
O     -2.311  -1.973   2.609
H     -1.721  -1.714   3.327
H     -3.190  -1.735   2.925
O     -2.248   0.345   3.290
H     -1.503   0.885   3.583
H     -2.946   0.522   3.935
O     -4.760  -1.232   1.419
H     -5.214  -0.962   2.230
H     -4.924  -2.179   1.376
O      3.074  -0.615   3.024
H      3.094  -1.535   2.731
H      2.631  -0.155   2.291
O      0.002   2.874   3.343
H     -0.569   2.856   2.568
H      0.841   3.214   2.992
**                          
C     -0.867  -0.657   0.822
Cl     0.885   0.676   0.248
H     -0.899  -0.115   1.783
H     -0.174  -1.512   0.709
H     -1.352  -0.216  -0.068
O     -2.264  -1.689   1.109
H     -2.048  -2.409   1.738
H     -2.976  -1.164   1.532
O     -3.960   0.363   0.451
H     -3.240   0.971   0.651
H     -4.557   0.459   1.200
O     -1.562  -4.086   0.496
H     -0.627  -3.858   0.446
H     -1.568  -4.985   0.853
O      1.395   0.619  -3.238
H      1.680   0.114  -2.468
H      1.263   1.513  -2.896
O      2.103  -1.397   2.268
H      1.685  -0.651   1.795
H      3.041  -1.199   2.219
O      1.393  -3.677   0.618
H      1.660  -4.224   1.373
H      1.816  -2.827   0.782
O     -3.008   0.572   2.773
H     -2.247   0.973   3.221
H     -3.490   0.115   3.473
O     -1.056  -3.588   3.151
H     -1.787  -4.215   3.002
H     -0.326  -3.954   2.642
O     -0.995   1.257  -2.286
H     -1.326   2.057  -1.865
H     -0.321   0.932  -1.665
O     -3.263  -2.077   3.392
H     -3.836  -2.851   3.430
H     -2.650  -2.200   4.124
O      1.313   3.359   2.480
H      2.002   3.044   3.078
H      1.641   3.101   1.607
O     -5.032   2.640   2.487
H     -4.821   3.497   2.874
H     -4.177   2.196   2.417
O      2.995   1.996  -1.755
H      2.955   1.225  -1.173
H      2.625   2.700  -1.206
**                          
C     -1.233  -1.635   1.105
Cl     0.084   0.048   0.094
H     -1.793  -0.773   1.518
H     -0.280  -1.926   1.585
H     -1.412  -1.942   0.058
O     -2.188  -2.823   1.882
H     -3.064  -2.851   1.442
H     -1.787  -3.705   1.725
O     -1.739   2.678   0.671
H     -0.993   2.064   0.608
H     -1.430   3.379   1.264
O     -2.213  -4.145  -0.230
H     -2.805  -4.247  -0.983
H     -1.404  -4.597  -0.502
O      1.131  -1.467  -2.396
H      2.077  -1.355  -2.240
H      0.728  -1.169  -1.556
O      1.251  -3.658   1.626
H      0.689  -3.862   2.386
H      0.862  -4.153   0.891
O     -3.786  -1.052   2.346
H     -4.098  -1.478   3.151
H     -4.516  -0.485   2.074
O     -4.714  -3.508   3.288
H     -4.129  -4.272   3.214
H     -5.231  -3.549   2.470
O     -2.214   0.836   3.977
H     -2.710   0.642   3.173
H     -2.145  -0.022   4.412
O     -3.828   1.596   1.651
H     -3.103   1.214   1.143
H     -3.546   2.501   1.821
O      2.633   1.646   0.810
H      1.766   1.231   0.639
H      2.403   2.506   1.179
O     -1.989  -5.708   1.775
H     -2.929  -5.923   1.808
H     -1.679  -6.105   0.943
**                          
C     -1.619  -0.591   1.068
Cl     0.101   0.846   0.641
H     -0.873  -1.301   1.461
H     -1.816  -0.535  -0.017
H     -2.049   0.181   1.732
O     -2.981  -1.725   1.414
H     -3.801  -1.234   1.195
H     -2.937  -2.466   0.774
O     -2.430   2.340  -1.096
H     -2.449   1.536  -1.635
H     -3.286   2.326  -0.651
O     -2.761  -3.919  -0.678
H     -1.954  -4.221  -1.105
H     -3.404  -4.610  -0.875
O      0.456  -0.842  -1.952
H      1.311  -1.277  -1.879
H      0.352  -0.386  -1.097
O     -3.585  -0.653   3.575
H     -4.511  -0.774   3.343
H     -3.230  -1.549   3.584
O     -0.620  -3.981   4.157
H     -0.130  -4.775   4.382
H     -1.323  -4.309   3.568
O     -2.144   1.621   4.000
H     -1.956   0.677   3.949
H     -1.378   1.996   4.459
O     -4.001   0.310  -0.120
H     -3.785   0.010  -1.017
H     -4.958   0.219  -0.081
O     -0.136   2.279  -2.411
H     -0.149   1.323  -2.289
H     -0.321   2.613  -1.524
O     -4.450  -2.072  -0.549
H     -5.126  -2.739  -0.402
H     -4.069  -2.303  -1.407
O      2.965   0.659   1.789
H      3.087  -0.264   2.055
H      2.002   0.721   1.649
O      0.558   3.023   2.751
H      0.580   2.421   3.504
H      0.662   2.439   1.981
O     -1.841   3.222   1.393
H     -1.465   2.556   0.791
H     -1.412   3.041   2.238
**                          
C     -1.663  -1.142   1.639
Cl     0.002   0.315   2.141
H     -1.378  -1.677   2.560
H     -1.124  -1.356   0.700
H     -2.351  -0.279   1.688
O     -2.955  -2.357   1.329
H     -3.817  -1.900   1.379
H     -2.896  -2.667   0.398
O     -3.086   1.869  -1.323
H     -3.306   1.147  -1.927
H     -2.149   2.025  -1.490
O     -1.862  -2.341  -1.500
H     -2.251  -2.846  -2.225
H     -0.926  -2.587  -1.526
O     -3.843  -4.129  -0.702
H     -3.110  -4.554  -1.175
H     -4.135  -3.436  -1.304
O      1.420  -2.770   1.468
H      1.878  -3.614   1.368
H      0.638  -3.006   1.986
O      3.599  -1.113   2.624
H      2.875  -1.690   2.350
H      3.216  -0.231   2.574
O     -5.316  -1.886   2.979
H     -5.905  -1.356   3.542
H     -5.759  -1.858   2.123
O     -3.845   1.641   1.109
H     -4.165   1.009   0.453
H     -2.974   1.885   0.780
O      1.588  -1.374   4.096
H      1.067  -0.960   3.375
H      1.339  -2.301   4.062
O     -3.414  -0.726  -0.383
H     -3.812  -1.152  -1.148
H     -2.561  -0.403  -0.703
O     -1.109   0.111  -2.122
H     -1.691  -0.407  -2.691
H     -0.405  -0.506  -1.892
O      2.599  -0.272   0.439
H      2.945  -1.095   0.072
H      1.695  -0.486   0.713
O     -5.410  -2.373   0.105
H     -5.935  -1.890  -0.540
H     -5.851  -3.227   0.187
O      2.971   1.986   1.710
H      2.079   1.627   1.601
H      3.538   1.372   1.229
O      0.807   3.196   3.197
H      1.173   2.563   3.834
H      0.267   2.632   2.623
**                          
C     -0.427  -1.107   1.632
Cl    -0.474   0.818   2.888
H     -0.871  -0.541   0.786
H     -1.088  -1.511   2.417
H      0.667  -1.070   1.780
O     -0.455  -2.629   0.705
H      0.214  -2.564  -0.008
H     -0.159  -3.350   1.291
O     -1.381  -4.121  -1.432
H     -0.430  -4.255  -1.494
H     -1.722  -4.510  -2.246
O      1.902  -2.951   1.305
H      2.470  -3.537   0.793
H      2.521  -2.411   1.813
O     -3.522  -0.137   2.036
H     -3.923  -0.559   1.270
H     -2.661   0.161   1.714
O     -0.171   1.568  -0.202
H      0.004   1.454   0.745
H      0.622   1.998  -0.534
O      0.419  -0.573   5.470
H      0.169  -0.088   4.656
H      0.041  -1.445   5.346
O     -3.273   1.450   4.074
H     -2.426   1.223   3.647
H     -3.788   0.639   4.023
O     -2.768   0.216  -0.411
H     -3.253  -0.339  -1.035
H     -1.913   0.356  -0.837
O     -1.137  -1.556  -1.373
H     -1.857  -2.086  -1.008
H     -0.789  -2.092  -2.093
O      2.722  -0.078   0.818
H      2.792  -0.866   0.263
H      3.182  -0.345   1.628
O      1.969   2.676   3.466
H      1.914   2.764   4.424
H      1.147   2.207   3.231
**                          
C     -0.240  -0.793   1.515
Cl    -0.993   1.338   1.975
H     -1.189  -1.089   2.002
H      0.620  -0.468   2.126
H     -0.247  -0.561   0.434
O      0.267  -2.477   1.411
H      0.666  -2.644   0.529
H      0.992  -2.616   2.062
O     -3.199   2.926   0.417
H     -2.793   2.224   0.949
H     -3.897   3.274   0.986
O      3.485  -3.760  -0.835
H      4.214  -4.386  -0.857
H      2.738  -4.246  -1.204
O      2.328  -3.528   3.445
H      2.523  -4.407   3.097
H      1.831  -3.717   4.252
O      2.691  -2.174   0.961
H      3.118  -3.031   1.081
H      2.739  -2.012   0.011
O     -3.836  -0.627   2.043
H     -4.167  -0.955   1.197
H     -3.335   0.163   1.797
O     -2.206  -2.667   3.607
H     -2.110  -3.500   3.122
H     -2.803  -2.150   3.051
O     -0.907   1.347  -1.244
H     -1.700   1.279  -0.696
H     -0.466   2.134  -0.906
O      0.301  -1.960   3.993
H     -0.048  -2.858   4.009
H     -0.490  -1.412   4.064
O     -3.457   1.953   3.924
H     -3.490   1.161   4.474
H     -2.746   1.768   3.290
O     -3.683   0.442  -0.369
H     -3.872  -0.156  -1.100
H     -4.096   1.272  -0.641
O      0.932  -3.230  -1.328
H      0.246  -3.800  -1.699
H      1.079  -2.568  -2.021
O      2.300   2.054   2.065
H      1.404   1.730   1.895
H      2.378   2.009   3.025
O      0.536   2.874   4.042
H      0.371   2.073   4.549
H      0.003   2.754   3.237
O     -0.925   4.161   0.072
H     -1.798   4.260  -0.323
H     -1.043   3.477   0.744
**                          
C     -0.637  -1.147   0.879
Cl    -0.585   0.988   1.916
H     -0.632  -1.523   1.923
H      0.315  -0.800   0.438
H     -1.590  -0.769   0.460
O     -0.728  -2.689   0.163
H     -0.849  -2.582  -0.806
H      0.139  -3.144   0.273
O      0.463  -3.483   2.279
H     -0.150  -4.117   2.676
H      1.330  -3.886   2.388
O     -2.249  -2.499   3.589
H     -2.075  -3.320   3.111
H     -2.840  -2.006   3.006
O     -3.051   1.748   3.560
H     -3.054   1.172   4.327
H     -2.334   1.401   2.990
O     -3.645  -0.149  -0.625
H     -4.515  -0.259  -1.041
H     -3.042  -0.147  -1.376
O      0.667  -3.348  -1.804
H      0.383  -4.021  -2.431
H      0.823  -2.560  -2.354
O      2.395   2.042   1.464
H      1.518   1.782   1.146
H      2.458   1.611   2.326
O      0.956   2.921   3.967
H      0.804   2.337   4.721
H      0.575   2.429   3.220
O     -0.894   3.400   0.002
H     -1.820   3.657   0.057
H     -0.779   2.773   0.741
**                          
C     -0.169  -1.488   1.883
Cl    -0.342   0.793   1.435
H      0.681  -1.449   1.178
H     -1.203  -1.539   1.485
H     -0.020  -1.143   2.922
O     -0.107  -3.159   2.278
H     -0.198  -3.695   1.456
H      0.768  -3.400   2.639
O     -1.741  -4.699   0.617
H     -1.322  -5.279  -0.035
H     -2.646  -4.591   0.302
O      1.935  -3.365   0.946
H      2.844  -3.085   1.089
H      1.804  -3.272  -0.007
O     -3.345  -2.439   1.079
H     -4.137  -2.979   0.960
H     -2.927  -2.456   0.210
O      0.755  -5.512   1.905
H      1.653  -5.352   1.594
H      0.327  -5.920   1.135
O     -2.709  -3.895   3.257
H     -3.413  -3.241   3.371
H     -2.263  -3.611   2.451
O     -0.546   0.784  -1.930
H     -1.170   1.372  -1.487
H      0.230   0.813  -1.359
O     -2.117   3.328   1.659
H     -2.864   3.396   2.261
H     -1.766   2.435   1.810
O     -3.451   1.484   3.027
H     -3.940   1.663   3.841
H     -2.621   1.105   3.334
O     -2.485  -0.417  -0.423
H     -3.301  -0.261   0.061
H     -1.800   0.041   0.099
O     -1.551  -6.657   2.839
H     -0.649  -6.583   3.165
H     -1.683  -5.840   2.337
O      0.405   2.974   3.646
H      0.063   3.823   3.340
H      0.113   2.350   2.959
**                          
C      0.095  -0.916   2.598
Cl    -0.675   1.252   2.110
H      1.040  -0.418   2.877
H     -0.120  -1.107   1.530
H     -0.740  -0.932   3.321
O      0.679  -2.509   2.991
H     -0.102  -3.062   3.213
H      1.045  -2.902   2.168
O     -0.789  -3.347   1.249
H     -0.553  -3.843   0.454
H     -1.723  -3.113   1.124
O      1.371  -2.562   0.191
H      2.177  -2.331  -0.281
H      0.672  -2.283  -0.413
O     -2.144  -2.719   3.917
H     -2.923  -2.218   4.195
H     -2.419  -3.124   3.085
O     -3.186   3.015   2.085
H     -2.492   2.331   2.072
H     -2.695   3.835   2.223
O      0.516   3.127  -0.059
H      0.602   3.664   0.735
H      0.224   2.267   0.281
O     -1.230   0.749  -1.203
H     -2.158   0.848  -1.477
H     -1.253   0.834  -0.241
O      3.669   1.301   2.206
H      2.959   0.923   2.731
H      3.419   2.232   2.109
O      0.003  -5.178   2.954
H      0.861  -5.194   2.503
H     -0.639  -5.117   2.237
O     -0.428   3.798   4.154
H     -0.502   3.156   3.432
H      0.079   3.329   4.825
**                          
C     -0.594  -0.177   3.445
Cl    -1.347   1.701   2.408
H     -0.061   0.516   4.122
H     -0.141  -0.462   2.478
H     -1.647  -0.440   3.653
O      0.115  -1.583   4.301
H     -0.488  -1.801   5.041
H      0.087  -2.358   3.701
O      1.469  -2.030   2.025
H      1.902  -1.236   1.683
H      1.509  -2.653   1.295
O     -1.977  -2.690   3.817
H     -2.819  -2.492   4.252
H     -2.224  -3.238   3.067
O     -3.408   4.165   1.638
H     -4.036   4.500   0.986
H     -3.123   3.317   1.283
O      1.176   0.768   0.770
H      1.589   1.198   1.526
H      0.234   0.984   0.865
O     -3.280   1.165   4.886
H     -4.011   1.787   4.922
H     -2.817   1.390   4.063
O     -1.665   2.427  -0.625
H     -1.765   1.518  -0.959
H     -1.571   2.309   0.335
O     -1.930  -0.484   6.168
H     -1.500   0.357   5.958
H     -2.819  -0.218   6.422
O      1.957  -3.417   4.200
H      2.015  -3.864   3.346
H      2.224  -2.512   3.995
O     -0.366  -3.709   5.919
H     -1.306  -3.795   5.711
H      0.063  -4.050   5.119
O      0.817   3.003   4.348
H      1.693   3.311   4.081
H      0.500   2.525   3.568
O     -1.120   4.577   3.763
H     -1.349   3.703   3.399
H     -0.660   4.384   4.588
**                          
C     -0.611  -0.287   2.765
Cl    -0.744   1.699   1.492
H     -1.715  -0.215   2.769
H     -0.016   0.354   3.446
H     -0.124  -0.697   1.862
O     -0.518  -1.660   3.764
H     -1.251  -2.279   3.554
H      0.310  -2.162   3.585
O     -0.351  -3.362   1.974
H      0.198  -4.154   1.872
H     -0.179  -2.845   1.176
O      2.199   0.449   4.006
H      2.061   0.935   4.824
H      2.830   0.995   3.522
O     -1.785  -1.538   0.237
H     -2.236  -1.636  -0.614
H     -1.727  -0.583   0.357
O     -3.097  -2.328   2.681
H     -4.039  -2.383   2.879
H     -3.065  -2.220   1.724
O     -4.565   1.759   3.481
H     -3.611   1.638   3.456
H     -4.912   0.924   3.134
O     -1.589   2.776  -1.305
H     -2.272   2.116  -1.484
H     -1.272   2.527  -0.417
O      2.515  -2.124   3.973
H      2.659  -1.463   3.285
H      2.130  -1.619   4.700
O      0.438  -2.509   5.715
H      0.359  -3.412   6.042
H     -0.421  -2.122   5.931
O     -2.065  -4.407   4.322
H     -1.377  -5.095   4.266
H     -2.080  -4.029   3.434
O     -0.840   4.680   2.683
H     -0.980   3.782   2.333
H     -0.287   4.541   3.457
**                          
C     -1.464   0.912   3.085
Cl    -1.564   2.789   1.685
H     -2.128   1.518   3.726
H     -0.377   1.098   3.118
H     -1.890   0.345   2.237
O     -1.398  -0.410   4.237
H     -2.311  -0.747   4.366
H     -0.910  -1.160   3.836
O     -2.479   0.329  -0.409
H     -3.289   0.037  -0.846
H     -2.762   1.072   0.138
O     -0.222  -2.422   2.488
H      0.166  -3.264   2.757
H      0.103  -2.297   1.581
O     -2.863  -1.839   2.712
H     -3.790  -1.982   2.469
H     -2.362  -2.231   1.988
O     -4.401   2.993   0.491
H     -3.501   2.895   0.863
H     -4.279   3.587  -0.262
O      0.097   5.194  -0.046
H      0.851   4.958   0.518
H     -0.586   4.578   0.251
O     -0.796   1.888  -1.807
H     -1.026   0.951  -1.808
H     -1.010   2.167  -0.907
O     -3.270  -1.103   7.126
H     -4.018  -0.516   6.971
H     -3.134  -1.569   6.294
O      0.498   1.843   6.399
H      1.372   1.997   6.030
H      0.115   2.726   6.482
O     -1.996  -3.057   4.742
H     -1.649  -3.240   3.859
H     -2.916  -2.813   4.580
O     -4.246  -0.589   4.864
H     -4.727  -1.099   4.189
H     -4.740   0.233   4.929
O     -1.477   5.400   3.583
H     -2.422   5.398   3.765
H     -1.361   4.675   2.944
**                          
C     -1.167   2.235   1.775
Cl    -1.399   3.829   0.206
H     -0.560   2.898   2.416
H     -0.687   1.669   0.961
H     -2.267   2.245   1.881
O     -1.042   0.838   2.932
H     -1.177   0.037   2.387
H     -0.118   0.786   3.259
O     -2.803   0.292   1.046
H     -2.758  -0.136   0.184
H     -3.374  -0.297   1.565
O      0.483  -1.169   2.569
H      1.104  -1.539   1.931
H     -0.023  -1.927   2.883
O     -4.249   2.094  -0.183
H     -4.444   1.145  -0.209
H     -3.283   2.130  -0.175
O     -4.728   1.889   2.812
H     -4.784   2.851   2.831
H     -4.402   1.690   1.925
O      0.562   6.061  -0.405
H      1.363   5.604  -0.125
H     -0.130   5.377  -0.324
O     -0.639   2.568  -2.436
H     -1.129   1.744  -2.360
H     -0.869   3.056  -1.620
O     -4.171   5.050  -0.925
H     -3.562   4.334  -0.693
H     -3.876   5.339  -1.796
O      1.612   1.941   2.313
H      1.824   2.093   3.247
H      1.693   2.819   1.925
O     -2.567   0.436  -1.794
H     -2.306  -0.397  -2.206
H     -3.453   0.597  -2.150
O     -0.317   1.958   5.148
H      0.582   2.234   4.908
H     -0.179   1.187   5.704
O      1.294   0.104   4.588
H      2.020   0.022   3.958
H      0.947  -0.795   4.657
O     -1.470  -1.135   4.342
H     -2.310  -1.034   3.875
H     -1.370  -0.309   4.828
O     -0.742   5.515   2.773
H     -1.492   6.099   2.597
H     -0.682   4.991   1.958
**                          
C     -1.691   1.819   2.378
Cl    -0.531   3.387   1.179
H     -0.801   1.192   2.194
H     -2.466   1.914   1.593
H     -1.697   2.530   3.224
O     -2.619   0.607   3.261
H     -2.975  -0.050   2.622
H     -2.045   0.090   3.860
O     -2.679  -0.193   0.540
H     -2.719   0.192  -0.344
H     -2.782  -1.141   0.391
O     -0.433  -0.888   2.650
H      0.371  -1.411   2.551
H     -0.955  -1.114   1.870
O     -4.539   2.865   0.650
H     -3.707   3.181   0.282
H     -4.971   3.679   0.946
O     -4.950   0.789   2.199
H     -4.686   1.676   2.471
H     -4.603   0.717   1.301
O     -0.082   5.344  -1.141
H      0.858   5.283  -1.342
H     -0.185   4.762  -0.361
O     -1.912   1.990  -1.156
H     -1.355   1.336  -1.591
H     -1.406   2.240  -0.357
O      1.900   2.123   2.518
H      2.283   2.893   2.957
H      1.155   2.497   2.009
O     -1.684  -0.620  -2.300
H     -0.802  -0.836  -2.645
H     -1.922  -1.409  -1.803
O      1.793   0.104   4.253
H      2.547   0.166   3.655
H      1.080   0.511   3.744
O     -2.596  -1.938   3.283
H     -1.894  -2.047   3.945
H     -3.399  -2.138   3.773
O     -2.654   4.715   4.763
H     -2.038   4.792   4.027
H     -2.113   4.396   5.504
O     -4.063  -0.340   4.980
H     -4.507  -1.112   5.358
H     -4.602  -0.105   4.215
O     -1.008   6.209   2.966
H     -1.120   7.142   2.746
H     -0.734   5.801   2.138
**                          
C     -0.272   2.284   2.567
Cl    -0.801   3.663   0.737
H     -0.316   3.211   3.171
H      0.630   2.105   1.941
H     -1.223   1.787   2.300
O      0.156   1.177   3.770
H      1.060   1.387   4.103
H     -0.440   1.257   4.546
O     -3.748   4.347   1.215
H     -3.521   5.084   1.790
H     -2.868   3.991   0.961
O      0.920   6.222  -0.058
H      0.301   5.521   0.204
H      1.674   5.750  -0.435
O      0.736   1.677  -1.139
H      0.253   2.321  -0.585
H      1.515   2.165  -1.437
O      1.358   4.692   3.588
H      1.455   4.395   2.676
H      1.927   4.101   4.097
O      2.661   2.590   2.866
H      3.481   2.900   2.467
H      2.790   1.640   2.964
O     -0.662   0.077  -2.854
H     -0.769   0.890  -2.337
H      0.295  -0.049  -2.867
O      0.786   2.283   5.890
H      1.049   3.199   6.054
H      1.066   1.805   6.676
O      1.794  -0.324   2.881
H      1.160  -0.803   3.428
H      1.277  -0.035   2.121
O      2.500   1.171   0.872
H      2.290   0.627   0.103
H      2.582   2.058   0.500
O     -1.508  -2.664   3.480
H     -2.158  -2.054   3.848
H     -0.676  -2.179   3.537
O     -0.412  -0.849   5.078
H     -1.265  -0.504   5.385
H      0.033  -1.125   5.887
**                          
C     -0.085   1.527   3.070
Cl    -0.337   3.045   1.337
H     -0.698   0.904   2.396
H     -0.589   2.301   3.686
H      1.002   1.626   2.883
O     -0.049   0.365   4.318
H      0.464  -0.418   4.033
H      0.455   0.741   5.078
O      1.457  -2.248   3.689
H      2.096  -2.860   3.297
H      1.437  -2.522   4.616
O     -2.877   3.855  -0.117
H     -2.776   4.662  -0.628
H     -2.051   3.803   0.404
O      1.436   2.834  -1.207
H      1.078   3.223  -0.391
H      2.352   2.618  -0.988
O      0.345   4.654   3.876
H      1.292   4.626   4.046
H      0.248   4.295   2.972
O     -0.423   0.953  -1.394
H     -0.532   1.765  -0.876
H      0.481   1.032  -1.726
O      0.524   2.010   6.549
H     -0.102   2.737   6.461
H      0.276   1.575   7.379
O     -1.676   1.344   5.847
H     -1.508   0.434   6.116
H     -2.183   1.259   5.031
O     -2.247   3.639   5.327
H     -2.074   3.405   6.245
H     -1.366   3.813   4.969
O      2.374   0.330   4.186
H      2.775  -0.471   3.832
H      3.115   0.809   4.576
**                          
C     -0.009   2.141   3.076
Cl    -0.288   3.867   1.518
H     -0.370   2.896   3.795
H      1.060   2.140   2.789
H     -0.729   1.614   2.423
O      0.112   0.810   4.188
H      0.897   0.954   4.766
H     -0.660   0.848   4.790
O      1.560  -1.548   2.789
H      1.511  -1.168   3.674
H      2.175  -0.971   2.326
O     -0.262  -0.836   1.152
H     -0.208  -0.555   2.074
H     -0.086  -1.785   1.197
O     -2.438   3.127  -0.516
H     -1.957   3.225  -1.345
H     -1.744   3.279   0.168
O      1.527   3.559  -1.463
H      1.372   3.685  -0.521
H      2.481   3.679  -1.567
O     -0.316   6.977   1.209
H      0.378   7.030   0.546
H     -0.364   6.022   1.414
O      1.151   6.103   3.629
H      1.897   5.848   4.185
H      1.082   5.388   2.979
O      3.395   4.133   2.537
H      3.280   3.232   2.204
H      4.099   4.492   1.976
O     -0.174   2.094  -2.624
H     -0.156   3.050  -2.516
H      0.701   1.806  -2.333
O      0.025   2.319   6.124
H      0.168   3.272   6.173
H      0.158   2.031   7.038
O      2.667   0.603   3.777
H      3.132   1.032   3.042
H      3.362   0.427   4.422
O     -1.174  -2.311   3.150
H     -1.722  -2.276   3.946
H     -0.284  -2.450   3.499
**                          
C      0.307   2.115   4.109
Cl     0.039   3.814   2.574
H      0.150   2.859   4.914
H      1.300   2.046   3.625
H     -0.573   1.677   3.602
O      0.647   0.775   5.138
H      0.066   0.814   5.931
H      0.396  -0.048   4.664
O      1.090  -0.198   2.558
H      1.160   0.640   2.082
H      1.775  -0.752   2.164
O      2.690  -0.660   4.671
H      2.572   0.190   4.228
H      2.754  -1.290   3.946
O     -1.637  -0.454   2.474
H     -0.993   0.114   2.041
H     -1.099  -1.058   3.006
O     -0.707   1.696   0.559
H     -0.083   1.901  -0.156
H     -0.468   2.343   1.262
O     -1.489   6.061   0.584
H     -2.106   5.882  -0.136
H     -1.458   5.240   1.088
O      2.461   5.721   2.930
H      2.853   5.029   3.476
H      1.507   5.546   2.982
O      1.249   1.124  -4.904
H      2.167   0.992  -4.637
H      1.091   2.052  -4.662
O     -1.663   0.048   5.031
H     -2.146  -0.498   5.658
H     -2.334   0.318   4.392
O      0.239   2.459   7.140
H      1.048   2.912   7.418
H     -0.448   3.126   7.289
O      3.171   1.217   2.268
H      3.192   1.578   1.372
H      3.741   0.442   2.209
O      1.183  -0.850   6.817
H      1.232  -1.466   6.079
H      2.022  -0.376   6.769
**                          
C     -0.500   2.292   2.641
Cl    -0.676   3.599   0.720
H     -0.339   1.454   1.939
H     -1.525   2.666   2.816
H      0.365   2.931   2.896
O     -0.529   1.359   4.104
H     -0.372   0.413   3.890
H      0.214   1.615   4.689
O      1.692   0.667   3.306
H      2.081   1.404   2.815
H      1.991  -0.110   2.817
O     -0.400   3.105  -2.779
H     -0.602   3.291  -1.854
H      0.493   2.726  -2.745
O      3.685   0.450   5.398
H      3.452   0.987   4.632
H      3.210  -0.381   5.241
O     -1.836   6.594   0.566
H     -2.096   6.446  -0.351
H     -1.619   5.705   0.885
O      1.227   5.906   1.084
H      0.460   5.325   0.930
H      1.861   5.642   0.395
O      2.771  -0.598  -6.969
H      3.577  -0.191  -6.632
H      2.160  -0.578  -6.217
O     -1.674  -0.641   5.102
H     -1.982   0.123   5.604
H     -2.499  -1.050   4.807
O     -3.156   3.012   5.396
H     -2.408   2.573   4.970
H     -2.996   2.854   6.334
O     -0.947   1.975   6.488
H     -0.542   2.781   6.836
H     -0.759   1.313   7.162
O      2.421   3.293   1.475
H      3.006   3.644   0.794
H      1.550   3.305   1.049
O     -3.476   3.480  -0.548
H     -2.610   3.371  -0.121
H     -3.502   4.419  -0.790
**                          
C     -0.536   2.049   2.429
Cl    -1.683   3.375   0.896
H      0.350   2.190   1.780
H     -1.264   1.266   2.144
H     -0.835   2.861   3.118
O      0.311   1.178   3.641
H     -0.322   0.933   4.349
H      0.631   0.332   3.258
O     -2.189  -1.089   1.249
H     -1.523  -1.174   1.943
H     -1.818  -0.427   0.653
O      2.714   0.877   2.625
H      2.516   0.472   1.772
H      3.391   1.531   2.407
O      0.391  -0.400   1.317
H      0.488   0.003   0.446
H      0.740  -1.290   1.209
O     -0.731   1.109  -0.882
H     -0.945   1.921  -0.373
H      0.160   1.255  -1.219
O     -2.980   6.564  -0.193
H     -3.475   6.091  -0.881
H     -2.345   5.900   0.103
O      0.131   5.827   1.111
H      0.943   5.455   0.750
H     -0.498   5.079   1.052
O      3.054  -0.659  -7.379
H      3.784  -0.183  -6.978
H      2.268  -0.264  -6.977
O     -1.075  -0.924   4.042
H     -0.604  -1.686   4.411
H     -2.002  -1.124   4.216
O     -0.512   2.013   6.290
H      0.001   1.262   6.608
H     -1.419   1.780   6.520
O     -5.027   2.242   1.088
H     -4.227   2.639   0.722
H     -5.699   2.923   0.969
O     -2.799   4.177   4.011
H     -3.724   4.461   3.888
H     -2.492   4.080   3.100
**                          
C      0.187   0.972   0.548
Cl     0.186   3.265   0.321
H     -0.877   1.119   0.281
H      0.516   1.118   1.591
H      0.960   0.927  -0.239
O     -0.049  -0.759   0.732
H     -0.402  -1.087  -0.123
H      0.822  -1.193   0.848
O     -0.122   4.083  -2.582
H     -0.006   3.261  -3.072
H      0.108   3.836  -1.661
O     -1.911  -0.170  -1.436
H     -1.450   0.372  -2.099
H     -2.566   0.433  -1.069
O      2.669  -0.315   0.970
H      3.020   0.145   1.740
H      3.420  -0.816   0.632
O      1.324  -1.635  -1.158
H      1.004  -2.480  -1.496
H      2.147  -1.875  -0.708
O      1.967   4.888   2.126
H      1.380   4.377   1.526
H      2.787   4.962   1.623
O      1.562   5.996  -1.922
H      1.557   5.270  -2.554
H      0.640   6.099  -1.649
O      6.121   0.457  -7.000
H      5.875  -0.472  -6.968
H      5.561   0.809  -7.716
O     -2.601   2.541   1.454
H     -3.089   2.665   0.625
H     -1.697   2.837   1.236
**                          
C      0.603   0.418   1.909
Cl    -1.109   1.543   0.853
H      0.320   0.984   2.815
H      1.236   0.905   1.148
H      0.060  -0.514   1.670
O      1.912  -0.422   2.738
H      2.355  -1.017   2.096
H      2.597   0.239   2.984
O     -3.254   0.342  -0.997
H     -3.361   0.476  -1.946
H     -2.476   0.866  -0.743
O      2.555  -2.521   0.689
H      2.832  -3.059   1.438
H      3.350  -2.013   0.468
O     -1.393  -1.742   3.371
H     -1.063  -0.900   3.712
H     -1.406  -2.308   4.158
O      3.716   0.313   1.206
H      3.331   0.933   0.578
H      4.395   0.832   1.650
O      2.790  -1.257   5.526
H      2.231  -0.859   4.849
H      2.785  -0.603   6.234
O      1.233   3.447   3.691
H      0.551   3.928   4.169
H      0.754   3.020   2.968
O      2.814   2.301   2.163
H      2.698   3.177   1.780
H      3.118   2.470   3.063
O      7.298  -1.551  -7.536
H      6.368  -1.730  -7.782
H      7.766  -2.338  -7.843
O     -0.254  -3.613   1.994
H     -0.960  -3.867   2.599
H     -0.509  -2.731   1.703
O      4.189  -1.989   2.603
H      4.738  -2.667   3.022
H      4.807  -1.471   2.078
O      2.712   1.240   4.846
H      1.948   1.826   4.881
H      3.316   1.602   5.513
O     -1.213   2.866   3.838
H     -1.896   3.466   3.515
H     -1.464   2.008   3.477
O     -4.250   2.017   0.820
H     -3.300   1.854   0.945
H     -4.347   2.111  -0.135
O     -2.671   4.088  -0.054
H     -2.003   3.386  -0.079
H     -3.310   3.836  -0.743
**                          
C      0.751   1.937   1.950
Cl    -0.496   2.606   0.124
H      0.687   2.996   2.265
H      1.532   1.629   1.234
H     -0.107   1.270   2.143
O      1.579   1.435   3.406
H      1.816   0.485   3.335
H      2.436   1.908   3.474
O     -3.410   1.971   0.853
H     -3.283   2.750   1.412
H     -2.556   1.917   0.383
O      1.863   2.209  -1.681
H      1.371   2.885  -2.161
H      1.272   1.998  -0.936
O      2.472  -1.550   3.345
H      2.421  -1.615   4.306
H      3.280  -1.047   3.193
O     -0.664  -0.988   4.749
H     -1.149  -0.336   4.220
H     -0.266  -0.448   5.445
O      3.624   0.717   2.137
H      4.503   0.702   2.539
H      3.791   0.532   1.205
O      0.707  -2.482   0.932
H     -0.160  -2.706   1.284
H      1.207  -2.198   1.707
O      4.254   2.627   3.941
H      4.412   3.430   4.459
H      4.606   2.834   3.066
O      7.836  -3.222  -5.815
H      8.288  -4.045  -5.559
H      7.411  -2.954  -4.991
O      0.138  -3.260   3.289
H     -0.808  -3.295   3.464
H      0.450  -2.498   3.792
O      3.263   0.362   4.836
H      3.027   0.990   5.529
H      4.161   0.611   4.590
O     -0.407   3.629   4.083
H     -0.274   4.237   4.819
H     -0.300   2.757   4.483
**                          
C      1.193   0.839   2.336
Cl    -0.870  -0.218   2.097
H      1.172   0.981   1.237
H      1.463  -0.150   2.750
H      0.621   1.545   2.967
O      2.744   1.550   2.532
H      2.625   2.418   2.977
H      3.280   1.007   3.154
O     -2.935   2.137   1.504
H     -2.102   1.643   1.546
H     -3.396   1.750   0.749
O      0.606   1.453  -1.079
H      0.162   0.661  -1.419
H     -0.135   2.016  -0.828
O      2.193  -1.782   4.301
H      3.072  -2.177   4.281
H      2.371  -0.856   4.515
O      0.674  -2.593   6.764
H      0.752  -1.832   6.175
H      0.608  -2.196   7.648
O      4.496  -0.676   3.382
H      5.173  -0.376   2.765
H      4.975  -0.763   4.217
O      5.874   1.709   0.242
H      6.476   1.099   0.680
H      5.636   1.259  -0.580
O      3.455   3.390   1.137
H      3.984   4.055   0.680
H      3.915   2.563   0.947
O      7.311  -3.171  -5.148
H      7.190  -2.218  -5.136
H      6.634  -3.510  -4.543
O      1.156  -2.818   2.076
H      0.375  -2.257   2.212
H      1.892  -2.222   2.244
O     -3.053  -1.045   0.238
H     -2.606  -0.504   0.914
H     -2.926  -1.943   0.556
O      2.166   1.239   4.866
H      1.236   1.220   5.137
H      2.642   1.231   5.707
O      1.128   3.665   2.008
H      1.722   4.424   2.025
H      1.335   3.230   1.172
O     -3.145   0.961   4.012
H     -2.421   0.599   3.472
H     -3.588   1.582   3.423
**                          
C      0.193   1.297   2.900
Cl    -1.753   0.083   2.648
H     -0.410   2.013   3.483
H      0.187   1.363   1.799
H      0.610   0.404   3.395
O      1.654   2.292   3.064
H      2.089   2.111   3.923
H      2.299   2.009   2.382
O     -3.588   1.505   0.589
H     -4.326   1.539   1.206
H     -2.897   1.021   1.084
O     -1.273  -1.713   5.237
H     -0.811  -1.784   4.394
H     -2.124  -1.333   4.983
O      3.497   0.567   3.165
H      3.171  -0.180   3.684
H      4.060   1.052   3.780
O      3.816   2.787   1.361
H      4.468   2.556   2.030
H      4.072   2.252   0.593
O      3.156  -1.846  -6.142
H      2.553  -1.772  -5.385
H      3.341  -0.928  -6.368
O     -2.971  -1.831  -0.132
H     -2.431  -2.531   0.253
H     -2.766  -1.063   0.418
O      2.573   0.872   5.414
H      3.248   1.241   5.988
H      1.875   0.588   6.021
O      3.994   3.061   4.679
H      3.726   3.820   4.147
H      4.790   3.375   5.133
**                          
C      1.278   1.840   2.182
Cl     0.037  -0.080   1.938
H      1.219   1.662   3.274
H      0.434   2.341   1.669
H      2.036   1.296   1.588
O      2.191   3.326   2.360
H      3.023   3.111   2.838
H      2.472   3.607   1.462
O     -0.269  -1.297   4.729
H      0.247  -2.108   4.642
H     -0.346  -0.969   3.816
O      4.062   2.338   1.092
H      4.826   2.935   1.126
H      4.065   2.006   0.189
O      2.796  -1.400   1.392
H      1.904  -1.065   1.604
H      3.276  -1.356   2.224
O      4.190   2.065   4.241
H      3.449   1.760   4.781
H      4.359   2.965   4.549
O     -1.144   0.088  -0.943
H     -0.653  -0.101  -0.125
H     -0.454   0.123  -1.621
O      3.074   4.246  -0.314
H      2.649   5.111  -0.340
H      3.984   4.453  -0.047
O      0.966  -2.551  -5.578
H      0.193  -2.471  -4.994
H      1.485  -1.754  -5.415
O      1.137   1.180   5.491
H      1.729   1.155   6.253
H      0.989   0.245   5.299
O      5.019   0.102   2.866
H      4.491  -0.052   3.655
H      4.608   0.874   2.454
O     -1.256   2.892   0.351
H     -1.335   2.023  -0.062
H     -2.154   3.088   0.643
O      0.276   4.384  -1.029
H      0.591   3.778  -0.349
H     -0.621   4.608  -0.744
O     -2.809   1.131   1.474
H     -1.948   0.679   1.547
H     -2.898   1.585   2.316
O      2.393   3.631   4.783
H      1.554   3.169   4.876
H      2.132   4.555   4.700
**                          
C     -0.313   1.877   1.975
Cl    -2.011   1.062   0.594
H     -0.026   2.424   1.058
H     -0.012   0.815   2.089
H     -1.142   2.266   2.598
O      1.017   2.497   2.888
H      0.890   3.456   3.026
H      1.016   2.101   3.790
O     -3.938  -2.705   2.530
H     -3.453  -2.470   1.733
H     -4.819  -2.317   2.391
O      1.869  -1.335   1.460
H      1.169  -1.942   1.740
H      1.720  -1.238   0.510
O     -1.005  -0.311  -1.944
H     -1.403   0.068  -1.135
H     -0.186  -0.721  -1.633
O      1.091   4.680  -0.187
H      1.009   3.774  -0.509
H      1.536   5.133  -0.913
O      2.149   0.447   3.801
H      3.032   0.835   3.926
H      2.152   0.180   2.874
O      1.882   3.710   4.913
H      1.426   4.563   4.952
H      2.770   3.933   4.608
O     -0.912  -8.618  -9.100
H     -1.018  -9.553  -9.302
H     -0.680  -8.230  -9.955
O     -4.737   1.686  -0.716
H     -5.114   0.870  -1.079
H     -3.902   1.380  -0.307
O     -0.303  -0.810   3.661
H      0.627  -1.058   3.733
H     -0.639  -1.447   3.015
O     -2.546   3.347  -1.329
H     -2.236   2.614  -0.756
H     -3.478   3.430  -1.118
O     -0.655   3.637   4.344
H     -0.525   3.209   5.200
H     -1.032   4.496   4.561
O     -3.202   2.823   4.037
H     -2.566   2.621   4.727
H     -3.032   3.749   3.816
**                          
C     -1.021   1.809   0.970
Cl    -3.009   0.915   0.393
H     -0.662   1.041   0.259
H     -1.180   1.551   2.031
H     -1.422   2.774   0.610
O      0.612   2.462   1.117
H      0.688   3.118   1.841
H      1.228   1.727   1.335
O     -3.268  -1.798   2.184
H     -3.356  -1.077   1.545
H     -4.178  -2.095   2.318
O     -0.080   6.805   1.551
H      0.561   6.085   1.442
H     -0.940   6.367   1.510
O     -1.139  -0.359  -1.658
H     -1.909  -0.179  -1.091
H     -0.721  -1.128  -1.241
O      0.971   6.264   3.922
H      1.690   6.648   3.399
H      0.554   5.623   3.333
O     -0.876   2.273   4.857
H     -0.652   1.374   4.607
H     -0.011   2.722   4.906
O      2.562   2.402   2.571
H      3.232   1.699   2.546
H      2.261   2.393   3.487
O     -2.690  -7.468  -8.498
H     -3.405  -7.931  -8.041
H     -1.898  -7.924  -8.192
O     -2.618   2.200  -2.458
H     -2.525   1.737  -1.610
H     -3.478   2.634  -2.368
O     -5.281   1.596   2.123
H     -4.625   1.042   1.670
H     -4.754   2.269   2.570
O     -0.954   4.227   2.671
H     -1.328   3.945   3.514
H     -1.708   4.594   2.190
**                          
C     -1.683   2.234   1.147
Cl    -3.310   1.180  -0.137
H     -2.324   1.899   1.984
H     -2.007   3.106   0.543
H     -0.966   1.518   0.707
O     -0.553   3.133   2.031
H     -1.063   3.738   2.623
H     -0.027   2.549   2.628
O     -2.783  -1.624   1.284
H     -3.127  -0.772   0.972
H     -3.347  -2.277   0.844
O     -0.214   6.412   2.098
H      0.662   6.408   2.506
H     -0.312   5.522   1.744
O     -1.395  -1.174  -1.390
H     -1.840  -0.751  -0.645
H     -0.582  -1.531  -1.004
O     -2.531   5.005   1.838
H     -2.749   5.296   0.945
H     -3.341   4.584   2.147
O     -1.601   2.489   4.242
H     -1.287   1.579   4.150
H     -0.933   2.925   4.784
O      1.984   2.171   2.678
H      2.206   1.498   2.016
H      2.541   2.923   2.455
O      0.480   4.299   3.816
H      1.222   4.357   3.193
H      0.488   5.162   4.254
O     -1.835  -7.039  -9.554
H     -1.700  -7.937  -9.868
H     -0.982  -6.838  -9.124
O      0.689   1.554   4.655
H      1.130   0.895   4.107
H      1.242   2.343   4.602
O     -4.504   3.883   0.570
H     -4.238   2.945   0.474
H     -5.376   3.842   0.984
O     -2.280   6.235   3.954
H     -2.299   6.807   3.174
H     -1.587   5.601   3.732
**                           
C     -2.057   2.235   1.571
Cl    -3.648   0.859   0.650
H     -1.402   1.348   1.546
H     -2.772   2.362   2.408
H     -2.169   2.842   0.653
O     -0.897   3.345   2.294
H     -0.467   2.872   3.043
H     -0.174   3.527   1.656
O      0.243   3.425  -0.311
H     -0.387   3.960  -0.810
H     -0.046   2.517  -0.459
O     -2.559  -1.914   1.460
H     -2.902  -1.002   1.480
H     -3.325  -2.430   1.182
O     -5.572   6.907   1.738
H     -5.566   6.584   0.829
H     -5.266   6.153   2.259
O     -1.915   2.796   4.533
H     -1.225   2.571   5.168
H     -1.947   3.760   4.550
O      0.781   1.634   1.806
H      1.458   1.819   1.140
H      0.872   0.687   1.958
O      0.155   4.293   4.509
H      0.793   4.614   3.854
H      0.688   3.732   5.094
O     -1.137  -6.590  -8.855
H     -1.120  -7.459  -8.451
H     -0.249  -6.230  -8.692
O     -1.807   2.378  -1.623
H     -2.455   1.678  -1.463
H     -2.334   3.186  -1.653
O     -5.021   4.464   0.903
H     -4.457   3.696   1.043
H     -5.914   4.169   1.147
O     -3.557   4.954   3.210
H     -4.283   4.321   3.134
H     -2.845   4.557   2.694
O     -5.293   2.497   2.548
H     -5.015   2.063   3.367
H     -5.071   1.839   1.861
O     -4.442   2.873  -1.461
H     -4.539   2.151  -0.815
H     -4.936   3.612  -1.090
O     -2.861   6.540   1.326
H     -3.308   6.930   2.088
H     -3.480   5.877   1.007
**                          
C     -1.989   3.610   1.542
Cl    -3.226   1.707   1.196
H     -1.420   3.036   2.300
H     -2.942   4.087   1.835
H     -1.761   3.483   0.467
O     -0.983   5.024   1.676
H     -1.330   5.722   1.081
H     -1.047   5.396   2.580
O      0.863   4.012  -0.559
H      0.177   4.137   0.104
H      0.384   4.029  -1.395
O     -3.051  -1.295   1.346
H     -3.024  -0.319   1.448
H     -3.911  -1.449   0.943
O     -1.359   5.188  -0.975
H     -1.358   6.104  -1.273
H     -2.094   4.802  -1.478
O     -2.069   1.224   4.372
H     -2.742   1.173   3.684
H     -1.287   0.819   3.962
O      0.105   4.000   3.606
H      0.872   4.273   3.083
H      0.482   3.894   4.487
O     -2.274  -7.344  -8.069
H     -2.037  -8.266  -8.221
H     -1.623  -7.054  -7.411
O     -5.653   3.390   0.140
H     -4.919   2.895   0.546
H     -6.412   3.194   0.711
O     -5.037   4.900   2.883
H     -5.721   5.578   2.929
H     -5.109   4.563   1.981
O     -1.945   9.071   0.993
H     -1.313   9.737   1.298
H     -1.882   8.372   1.657
O     -4.320   2.017  -1.751
H     -5.231   1.970  -1.444
H     -3.796   1.838  -0.951
O     -2.927   6.422   2.206
H     -3.256   6.138   3.066
H     -3.724   6.663   1.715
**                          
C     -1.875   3.418   1.492
Cl    -2.308   1.234   0.990
H     -2.156   3.640   0.448
H     -0.844   3.095   1.729
H     -2.650   3.358   2.276
O     -1.435   5.128   1.845
H     -2.044   5.727   1.371
H     -1.587   5.281   2.801
O      0.949   2.729  -0.479
H     -0.004   2.640  -0.368
H      1.297   1.863  -0.220
O     -3.108  -1.718   1.120
H     -2.720  -0.823   1.014
H     -4.039  -1.540   1.281
O     -0.102   6.938   0.742
H     -0.308   7.336  -0.110
H      0.056   6.008   0.532
O     -1.564   5.383  -0.811
H     -1.916   6.286  -0.884
H     -2.084   4.906  -1.473
O     -1.441   1.555   4.365
H     -1.639   1.816   3.458
H     -0.566   1.151   4.301
O     -0.446   3.840   3.846
H      0.442   3.779   4.215
H     -1.023   3.740   4.611
O     -1.336  -7.388  -8.284
H     -1.433  -8.346  -8.203
H     -1.312  -7.096  -7.359
O     -0.417   0.744  -1.386
H     -1.097   0.760  -0.686
H      0.132  -0.013  -1.159
O     -3.048   4.649   4.340
H     -2.824   5.463   4.814
H     -3.876   4.858   3.894
O     -2.212   8.611   2.083
H     -1.723   7.926   1.611
H     -2.103   9.392   1.527
O     -4.583   1.699  -1.104
H     -4.675   2.512  -0.600
H     -3.868   1.233  -0.643
O     -3.292   6.582   2.797
H     -2.917   7.146   3.485
H     -3.877   7.165   2.302
**                          
C     -2.260   3.299   2.241
Cl    -2.000   1.547   0.740
H     -1.274   3.637   1.869
H     -2.305   2.529   3.029
H     -3.170   3.526   1.657
O     -2.396   4.687   3.310
H     -3.211   5.183   3.100
H     -2.503   4.364   4.238
O      1.009   3.058   0.768
H      0.963   4.003   0.581
H      0.193   2.710   0.378
O     -0.887   4.651  -0.213
H     -1.749   4.220  -0.197
H     -1.051   5.515   0.181
O     -3.192   5.626   0.697
H     -3.252   6.528   0.362
H     -3.902   5.165   0.231
O      0.832  -0.155   1.163
H      0.068   0.381   0.898
H      0.495  -1.061   1.158
O     -3.086   2.640   5.148
H     -3.958   2.290   4.928
H     -3.154   2.865   6.087
O     -1.672   4.872   6.023
H     -2.192   4.564   6.779
H     -0.882   4.325   6.036
O     -3.323  -7.009  -5.964
H     -3.073  -6.431  -6.707
H     -4.141  -6.605  -5.639
O     -5.446   0.596   0.496
H     -4.712   0.864   1.061
H     -5.935   1.414   0.348
O     -3.930   5.503   5.097
H     -3.559   6.177   5.678
H     -4.191   4.793   5.695
O     -4.675   3.028   0.029
H     -4.778   3.534  -0.790
H     -3.848   2.534  -0.099
O     -3.651  -0.292  -1.373
H     -3.188   0.175  -0.657
H     -4.569  -0.019  -1.261
O     -1.604   7.324   4.683
H     -1.727   6.371   4.608
H     -1.662   7.493   5.634
**                          
C     -1.659   3.285   2.073
Cl     0.637   3.154   1.736
H     -1.622   2.184   2.118
H     -1.695   3.803   1.099
H     -1.459   3.886   2.981
O     -3.449   3.278   2.229
H     -3.682   2.891   3.095
H     -3.778   4.203   2.275
O      3.601   4.119   0.508
H      3.262   5.031   0.550
H      2.909   3.610   0.954
O      1.073   4.187   4.699
H      1.557   3.377   4.509
H      0.800   4.498   3.827
O      2.337   0.948   0.281
H      1.966   0.151   0.678
H      1.948   1.671   0.809
O     -2.725   5.782   1.427
H     -2.427   6.539   0.909
H     -2.707   6.108   2.334
O     -0.605   6.651   2.144
H     -0.366   5.726   2.281
H     -0.350   7.079   2.967
O      0.240   0.195   2.039
H      0.349   1.163   2.135
H     -0.709   0.092   1.888
O     -2.793  -9.574  -7.030
H     -2.187  -8.846  -6.833
H     -3.629  -9.289  -6.643
O     -3.611   4.609   4.295
H     -3.325   4.014   5.011
H     -4.479   4.920   4.580
O     -5.273   5.004   0.926
H     -4.435   5.102   0.456
H     -5.597   4.139   0.649
O     -1.127   5.545   4.390
H     -1.127   4.875   5.086
H     -2.019   5.910   4.408
**                          
C     -2.148   3.459   1.463
Cl    -0.226   2.225   1.250
H     -2.650   2.650   0.901
H     -1.595   4.231   0.900
H     -2.015   3.369   2.556
O     -3.655   4.380   1.601
H     -3.536   5.067   2.289
H     -3.773   4.875   0.765
O     -1.636  -0.754   1.876
H     -1.668  -1.289   1.069
H     -1.892   0.124   1.573
O      0.163   2.401   4.312
H      0.321   2.334   3.354
H     -0.631   1.866   4.455
O     -2.971   4.197  -1.010
H     -3.690   3.650  -1.342
H     -3.068   5.030  -1.490
O     -2.355   6.444   1.255
H     -2.775   7.262   1.562
H     -1.420   6.579   1.444
O      0.578  -0.216   2.879
H      0.350   0.242   2.051
H     -0.197  -0.059   3.427
O     -3.414  -9.047  -5.467
H     -2.949  -8.570  -4.771
H     -3.589  -8.355  -6.125
O      1.141   3.401  -1.506
H      1.001   2.466  -1.735
H      0.646   3.488  -0.680
O     -3.238   4.552   4.275
H     -3.933   4.609   4.941
H     -2.748   5.376   4.391
O     -5.914   4.243   2.467
H     -5.379   4.427   3.245
H     -5.712   3.321   2.252
O     -4.158   6.695   5.271
H     -3.805   6.878   6.159
H     -5.091   6.525   5.438
O     -2.626   1.559  -1.446
H     -1.953   2.159  -1.096
H     -2.169   1.092  -2.153
O     -0.530   4.857   4.842
H      0.314   4.543   4.498
H     -1.100   4.080   4.777
**                          
C     -1.703   3.842   1.551
Cl     0.561   3.365   1.382
H     -1.710   3.836   0.444
H     -1.382   4.760   2.079
H     -1.781   2.894   2.108
O     -3.439   4.185   1.617
H     -3.745   4.035   2.536
H     -3.546   5.146   1.460
O      3.766   3.112   1.593
H      2.845   2.817   1.532
H      3.775   3.900   1.040
O     -3.087   4.513  -1.327
H     -3.576   5.326  -1.140
H     -2.190   4.815  -1.507
O     -1.999   6.372   0.448
H     -2.260   7.296   0.518
H     -1.385   6.358  -0.297
O      0.426   6.888   1.380
H     -0.324   6.956   1.983
H      0.313   6.017   0.975
O      0.499   0.432   2.516
H      0.664   1.256   2.022
H     -0.454   0.295   2.425
O     -4.902  -9.102  -4.596
H     -5.249  -8.370  -4.068
H     -3.963  -9.099  -4.344
O     -0.063   4.975  -1.152
H      0.678   5.037  -1.760
H      0.235   4.339  -0.472
O     -3.082   5.626   3.568
H     -2.355   5.366   4.148
H     -3.859   5.604   4.141
O     -5.805   4.543   2.558
H     -6.709   4.386   2.845
H     -5.845   4.340   1.610
O     -0.162   5.619   3.906
H      0.349   5.032   3.335
H     -0.200   5.142   4.749
**                             
C     -0.782   3.649   1.180
Cl     1.251   2.641   1.877
H     -1.171   2.630   1.379
H     -0.280   3.847   0.213
H     -0.576   4.315   2.037
O     -2.335   4.254   0.754
H     -2.775   4.605   1.560
H     -2.266   5.018   0.142
O      0.157   3.219   4.671
H     -0.697   2.776   4.616
H      0.527   3.122   3.766
O     -1.421   6.287  -1.245
H     -1.578   6.845  -2.016
H     -0.718   5.692  -1.529
O     -0.343  -0.399   2.733
H      0.142   0.414   2.531
H      0.281  -0.917   3.262
O     -5.975  -9.347  -4.631
H     -6.093 -10.308  -4.677
H     -5.167  -9.242  -4.110
O     -2.516   1.810   5.117
H     -2.626   0.883   4.871
H     -3.345   2.011   5.569
O     -3.121   1.477   1.167
H     -2.918   0.584   1.462
H     -2.960   1.440   0.213
O      0.607   4.040  -1.924
H      0.885   3.164  -2.210
H      1.442   4.512  -1.819
O     -2.418   3.753   3.447
H     -2.975   3.826   4.233
H     -2.478   2.819   3.208
O      2.774   3.026  -0.916
H      2.299   3.014  -0.065
H      2.732   2.112  -1.216
O     -1.709   5.224  -3.527
H     -0.970   4.619  -3.391
H     -1.782   5.292  -4.489
O     -3.143   6.710   1.027
H     -3.159   7.249   1.833
H     -2.606   7.231   0.416
O     -3.877   5.464  -1.445
H     -3.629   6.357  -1.186
H     -3.143   5.162  -1.995
**
##                          
